detect_ts,entry_ts,exit_ts,entry_px,exit_px,net_ret_bp
1609620960000,1609624560000,1609710960000,769.69,954.83,2391.3839857605008
1609693800000,1609697400000,1609783800000,942.62,1015.01,753.9658823279789
1609744860000,1609748460000,1609834860000,1063.6,1040.88,-227.614140654379
1609795680000,1609799280000,1609885680000,1018.72,1102.46,808.011936547824
1609963440000,1609967040000,1610053440000,1186.18,1249.52,519.9830379874888
1610007540000,1610011140000,1610097540000,1196.6,1200.23,16.335951863613708
1610061060000,1610064660000,1610151060000,1230.75,1232.74,2.1690026406668963
1610111400000,1610115000000,1610201400000,1246.63,1230.5,-143.38883229186015
1610154600000,1610158200000,1610244600000,1206.09,1323.76,961.6320009286212
1610277900000,1610281500000,1610367900000,1288.08,1091.95,-1536.653872430283
1610323860000,1610327460000,1610413860000,1226.21,1078.22,-1220.8895213707276
1610367060000,1610370660000,1610457060000,1070.95,1095.66,216.72972594425644
1610410800000,1610414400000,1610500800000,1080.49,1016.35,-607.6195614952477
1610457900000,1610461500000,1610547900000,1031.07,1080.74,467.73256907872553
1610659020000,1610662620000,1610749020000,1187.25,1160.21,-241.75321120235836
1610722080000,1610725680000,1610812080000,1170.96,1282.99,942.7363530778161
1610833140000,1610836740000,1610923140000,1228.51,1256.17,211.15079242334312
1610940480000,1610944080000,1611030480000,1204.07,1328.9,1022.7337447158409
1611061020000,1611064620000,1611151020000,1419.27,1306.03,-811.8749638898875
1611115020000,1611118620000,1611205020000,1357.51,1289.27,-516.6850630934576
1611158460000,1611162060000,1611248460000,1311.86,1175.9,-1050.3910783162821
1611204780000,1611208380000,1611294780000,1302.88,1178.04,-972.1849441237888
1611249300000,1611252900000,1611339300000,1195.51,1232.16,292.56372594123127
1611302820000,1611306420000,1611392820000,1164.74,1266.76,861.9036351460403
1611516720000,1611520320000,1611606720000,1338.43,1376.92,273.57574172724844
1611610080000,1611613680000,1611700080000,1312.65,1336.22,165.5604311888166
1611665940000,1611669540000,1611755940000,1284.22,1241.8,-344.31723536465773
1611737760000,1611741360000,1611827760000,1269.54,1287.24,125.42057753201897
1611788880000,1611792480000,1611878880000,1243.84,1341.56,771.6315924877811
1611894060000,1611897660000,1611984060000,1307.42,1346.1,281.8498416729127
1611977880000,1611981480000,1612067880000,1344.88,1361.75,111.43870085063303
1612107420000,1612111020000,1612197420000,1313.79,1308.62,-53.35179899375196
1612429800000,1612433400000,1612519800000,1649.32,1658.73,43.05381611815774
1612575720000,1612579320000,1612665720000,1687.53,1624.66,-386.55633973914513
1612664160000,1612667760000,1612754160000,1631.87,1580.19,-330.6918933493468
1612707420000,1612711020000,1612797420000,1562.26,1716.09,970.6632442743197
1612804020000,1612807620000,1612894020000,1706.22,1744.88,212.5827384510799
1612865220000,1612868820000,1612955220000,1751.45,1789.49,203.19146992492
1612960680000,1612964280000,1613050680000,1745.43,1802.32,311.93687515397374
1613352900000,1613356500000,1613442900000,1692.96,1805.03,647.9766562706731
1613426880000,1613430480000,1613516880000,1802.01,1778.84,-142.57864273783215
1613860680000,1613864280000,1613950680000,1902.81,1930.04,129.10414597358712
1613955720000,1613959320000,1614045720000,1911.5,1724.19,-993.9110646089459
1614002520000,1614006120000,1614092520000,1768.12,1509.15,-1478.6630319209098
1614045780000,1614049380000,1614135780000,1694.53,1622.33,-440.0768472673837
1614091860000,1614095460000,1614181860000,1584.96,1640.76,338.059357964869
1614173100000,1614176700000,1614263100000,1643.24,1634.62,-66.45734037633065
1614244200000,1614247800000,1614334200000,1606.5,1475.17,-831.4914410208522
1614290340000,1614293940000,1614380340000,1518.85,1426.67,-620.9065411330931
1614370560000,1614374160000,1614460560000,1458.26,1523.5,433.3824969484186
1614466920000,1614470520000,1614556920000,1446.6,1428.25,-140.84916355592324
1614526800000,1614530400000,1614616800000,1361.19,1542.83,1320.4206172540196
1614704220000,1614707820000,1614794220000,1506.14,1626.03,782.0083391982154
1614829380000,1614832980000,1614919380000,1556.27,1485.63,-467.90581325862377
1614882000000,1614885600000,1614972000000,1532.79,1520.12,-96.65972507649488
1614961800000,1614965400000,1615051800000,1498.87,1599.37,656.5051138524354
1615341720000,1615345320000,1615431720000,1804.2,1800.83,-32.678638731848274
1615410360000,1615413960000,1615500360000,1818.98,1843.76,122.23019494442002
1615790220000,1615793820000,1615880220000,1800.9,1792.11,-62.808928868899756
1615855380000,1615858980000,1615945380000,1744.85,1784.0,210.37458807347488
1616445960000,1616449560000,1616535960000,1684.56,1666.03,-123.99905019708378
1616615040000,1616618640000,1616705040000,1603.71,1607.9,12.126918208404515
1616675280000,1616678880000,1616765280000,1581.72,1631.65,301.6690185367839
1617177780000,1617181380000,1617267780000,1806.12,1950.4,784.8395012513027
1617301200000,1617304800000,1617391200000,1977.95,2056.13,381.25771632245466
1617487680000,1617491280000,1617577680000,2047.77,2076.89,128.2034701162733
1617719040000,1617722640000,1617809040000,2076.11,2006.59,-348.85701624673123
1617794760000,1617798360000,1617884760000,1963.1,2010.93,229.6452549538992
1618410000000,1618413600000,1618500000000,2362.2,2471.79,449.9319278638565
1618549200000,1618552800000,1618639200000,2425.99,2482.4,218.52362952856487
1618705560000,1618709160000,1618795560000,2292.96,2257.4,-169.08338566743384
1618843080000,1618846680000,1618933080000,2120.4,2147.31,112.91001697792802
1618902360000,1618905960000,1618992360000,2093.26,2281.58,885.6493507734326
1619057460000,1619061060000,1619147460000,2426.54,2256.18,-716.0696135237836
1619114160000,1619117760000,1619204160000,2548.99,2356.16,-770.4957100655556
1619159820000,1619163420000,1619249820000,2168.69,2287.64,534.4877967805435
1619224800000,1619228400000,1619314800000,2266.76,2235.79,-150.62672713476653
1619384520000,1619388120000,1619474520000,2223.85,2488.72,1177.0425613238297
1620089460000,1620093060000,1620179460000,3309.43,3378.06,193.37710119265395
1620139020000,1620142620000,1620229020000,3327.22,3323.63,-24.789788472056472
1620326280000,1620329880000,1620416280000,3461.25,3519.65,154.72517154207233
1620562920000,1620566520000,1620652920000,3789.39,4126.38,875.2988053486195
1620676500000,1620680100000,1620766500000,3880.9,4129.21,625.825813599939
1620736020000,1620739620000,1620826020000,3917.56,4252.0,839.6946466678241
1620833520000,1620837120000,1620923520000,4155.48,3857.92,-730.0664953266515
1620877500000,1620881100000,1620967500000,3915.35,3767.29,-392.1526555735759
1620925380000,1620928980000,1621015380000,3724.09,4105.37,1009.8205843575199
1621096200000,1621099800000,1621186200000,3738.87,3539.47,-547.316215862012
1621183560000,1621187160000,1621273560000,3583.99,3209.89,-1057.8087159841402
1621266600000,1621270200000,1621356600000,3237.22,3424.82,565.5095792068516
1621342200000,1621345800000,1621432200000,3402.3,2273.0,-3333.225229991477
1621386660000,1621390260000,1621476660000,3190.0,2414.83,-2444.0
1621429860000,1621433460000,1621519860000,2400.73,2923.47,2163.4210344353583
1621473060000,1621476660000,1621563060000,2414.83,2886.1,1937.5659487417336
1621520400000,1621524000000,1621610400000,2940.0,2552.46,-1332.1632653061226
1621577100000,1621580700000,1621667100000,2756.09,2234.99,-1904.722001095756
1621621200000,1621624800000,1621711200000,2425.62,2298.03,-540.0098449056317
1621694040000,1621697640000,1621784040000,2327.64,1946.89,-1649.777010190579
1621738320000,1621741920000,1621828320000,2310.91,2148.5,-716.7967337542351
1621784580000,1621788180000,1621874580000,1740.32,2472.67,4194.134136250806
1621831440000,1621835040000,1621921440000,2121.67,2571.04,2104.001385700885
1621875780000,1621879380000,1621965780000,2529.3,2589.29,223.18024749930677
1621932840000,1621936440000,1622022840000,2549.1,2863.73,1220.278765054333
1622035140000,1622038740000,1622125140000,2755.64,2851.81,334.9933373009535
1622078520000,1622082120000,1622168520000,2720.88,2717.33,-27.047249419305686
1622180940000,1622184540000,1622270940000,2570.0,2532.42,-160.22568093385135
1622235540000,1622239140000,1622325540000,2369.01,2277.0,-402.390086998367
1622279940000,1622283540000,1622369940000,2416.64,2397.71,-92.33189883474478
1622334480000,1622338080000,1622424480000,2194.95,2330.97,605.6952094580732
1622513820000,1622517420000,1622603820000,2670.49,2629.27,-168.3536953892355
1622560200000,1622563800000,1622650200000,2549.66,2788.17,921.4580610748097
1622721780000,1622725380000,1622811780000,2837.02,2643.47,-696.2299455062009
1622769360000,1622772960000,1622859360000,2696.7,2756.97,209.49538324619056
1622886660000,1622890260000,1622976660000,2704.35,2710.6,9.110913897979035
1622930040000,1622933640000,1623020040000,2571.73,2687.59,436.51385643127384
1623099060000,1623102660000,1623189060000,2610.62,2531.58,-316.7633282515263
1623161160000,1623164760000,1623251160000,2365.53,2518.37,632.1131332090475
1623373920000,1623377520000,1623463920000,2412.24,2296.33,-494.5077438397498
1623464460000,1623468060000,1623554460000,2304.66,2357.89,216.96682373972666
1623555540000,1623559140000,1623645540000,2331.33,2476.41,608.3057224845907
1624041000000,1624044600000,1624131000000,2162.0,2215.75,234.61239592969486
1624184460000,1624188060000,1624274460000,2083.35,1927.7,-761.1140230878149
1624248900000,1624252500000,1624338900000,2097.47,1957.56,-681.0417216932779
1624294080000,1624297680000,1624384080000,1923.17,1895.89,-155.84913450189018
1624350540000,1624354140000,1624440540000,1873.02,1998.88,657.9629261833826
1624398360000,1624401960000,1624488360000,1870.98,1948.04,397.8697153363482
1624633440000,1624637040000,1624723440000,1846.39,1771.37,-420.30635997812027
1624691400000,1624695000000,1624781400000,1729.52,1866.71,779.225866136269
1624876260000,1624879860000,1624966260000,1993.79,2182.37,931.8368233364589
1625123220000,1625126820000,1625213220000,2130.38,2055.56,-365.2049493517599
1625484360000,1625487960000,1625574360000,2212.21,2313.0,441.60774067561425
1625563500000,1625567100000,1625653500000,2270.72,2373.24,437.4867531003386
1625938080000,1625941680000,1626028080000,2084.73,2137.62,239.701918234015
1626698340000,1626701940000,1626788340000,1811.52,1740.94,-403.61755873520576
1626751140000,1626754740000,1626841140000,1726.28,1837.28,629.0011353893916
1626894840000,1626898440000,1626984840000,1936.26,2020.42,420.652371065869
1627330200000,1627333800000,1627420200000,2260.19,2244.97,-81.33947146036479
1627637280000,1627640880000,1627727280000,2343.14,2462.0,493.26802495796306
1627857180000,1627860780000,1627947180000,2547.41,2629.96,310.0546280339651
1627967700000,1627971300000,1628057700000,2479.33,2494.11,45.612879285937396
1628155140000,1628158740000,1628245140000,2609.56,2750.29,525.2863164671446
1628353200000,1628356800000,1628443200000,3060.93,2990.57,-243.86477965846854
1628469360000,1628472960000,1628559360000,2937.22,3126.8,631.4402462192155
1628543640000,1628547240000,1628633640000,3101.6,3188.32,265.59762703120947
1629232140000,1629235740000,1629322140000,3039.37,3007.94,-117.40958817123268
1629882180000,1629885780000,1629972180000,3102.73,3092.97,-45.456169244504785
1630208400000,1630212000000,1630298400000,3179.03,3160.0,-73.86102679119142
1631003520000,1631007120000,1631093520000,3756.47,3382.36,-1009.9083927197598
1631050020000,1631053620000,1631140020000,3423.42,3544.24,338.9219318692989
1631284260000,1631287860000,1631374260000,3271.76,3316.49,122.71540699806695
1631480760000,1631484360000,1631570760000,3350.84,3289.95,-195.7156295137945
1631542980000,1631546580000,1631632980000,3195.05,3381.35,569.0894665185205
1632106800000,1632110400000,1632196800000,3187.46,2998.77,-605.9760561701171
1632165540000,1632169140000,1632255540000,3058.51,2864.58,-648.0669149357047
1632243360000,1632246960000,1632333360000,2896.03,3021.15,418.03972334540765
1632474360000,1632477960000,1632564360000,2866.33,2942.14,250.48454992969994
1632642420000,1632646020000,1632732420000,2774.37,3105.69,1180.2170654959505
1632787560000,1632791160000,1632877560000,2907.27,2842.21,-237.78382468776547
1632839460000,1632843060000,1632929460000,2853.87,2908.72,178.19515955527066
1633359720000,1633363320000,1633449720000,3316.41,3426.01,316.47783597323746
1633901220000,1633904820000,1633991220000,3455.49,3524.1,184.55360600088633
1634502120000,1634505720000,1634592120000,3721.76,3749.58,60.74958084347172
1634817420000,1634821020000,1634907420000,4214.59,4144.71,-179.8049774711179
1634913480000,1634917080000,1635003480000,4000.73,4093.1,216.88286387734192
1635287880000,1635291480000,1635377880000,4125.39,3946.59,-447.4135681717366
1636579260000,1636582860000,1636669260000,4580.93,4758.65,373.95615737415636
1637024640000,1637028240000,1637114640000,4393.0,4123.2,-628.1588891418171
1637914620000,1637918220000,1638004620000,4122.1,4156.75,70.05909609179751
1638288960000,1638292560000,1638378960000,4560.93,4704.61,301.0234710903255
1638547920000,1638551520000,1638637920000,4356.35,3997.61,-837.4875526530238
1638594240000,1638597840000,1638684240000,3833.64,4185.6,904.0830750931235
1639063740000,1639067340000,1639153740000,4199.29,3992.25,-507.0357274682151
1639147800000,1639151400000,1639237800000,4010.79,4035.78,48.30692706424401
1639357860000,1639361460000,1639447860000,3987.73,3785.96,-519.9770847073397
1639410960000,1639414560000,1639500960000,3796.1,3775.49,-68.29256342035282
1639584000000,1639587600000,1639674000000,3711.82,4079.1,975.4876367927319
1639752240000,1639755840000,1639842240000,3799.72,3956.03,397.37241691493244
1640821320000,1640824920000,1640911320000,3660.28,3699.14,92.16674134219073
1641413160000,1641416760000,1641503160000,3619.21,3427.66,-543.259147714557
1641526320000,1641529920000,1641616320000,3184.01,3201.23,40.08274471499608
1641570720000,1641574320000,1641660720000,3197.06,3143.24,-182.34216436350968
1641664980000,1641668580000,1641754980000,3006.48,3166.36,517.784678427929
1641825300000,1641828900000,1641915300000,3026.0,3124.09,310.15730337078674
1642088400000,1642092000000,1642178400000,3309.73,3288.41,-78.41613062092677
1642715820000,1642719420000,1642805820000,3062.28,2541.53,-1714.530323811017
1642768740000,1642772340000,1642858740000,2772.23,2478.73,-1072.7144645285562
1642844880000,1642848480000,1642934880000,2443.4,2521.72,306.53695669967965
1642892280000,1642895880000,1642982280000,2401.8,2531.99,528.0517944874658
1642949280000,1642952880000,1643039280000,2420.91,2255.9,-695.6031987971461
1643017320000,1643020920000,1643107320000,2250.97,2424.02,754.7796816483572
1643227320000,1643230920000,1643317320000,2518.99,2338.83,-729.2072854596481
1643317680000,1643321280000,1643407680000,2343.65,2540.49,825.8865018240764
1643813400000,1643817000000,1643903400000,2673.27,2626.34,-189.55278741017477
1644500640000,1644504240000,1644590640000,3128.67,3096.12,-118.03781798655754
1644606360000,1644609960000,1644696360000,2964.54,2948.3,-68.78084289636809
1644702120000,1644705720000,1644792120000,2907.09,2889.48,-74.57603995748394
1645195380000,1645198980000,1645285380000,2810.96,2741.96,-259.467740558386
1645467420000,1645471020000,1645557420000,2619.15,2601.01,-83.2591107802143
1645671660000,1645675260000,1645761660000,2390.59,2633.63,1002.6527928252011
1645743240000,1645746840000,1645833240000,2594.41,2755.41,606.5649839462546
1645969560000,1645973160000,1646059560000,2765.25,2715.8,-192.82650754904583
1646355060000,1646358660000,1646445060000,2719.3,2609.05,-419.43522229985695
1646608980000,1646612580000,1646698980000,2513.01,2514.68,-7.3545827513636794
1646683440000,1646687040000,1646773440000,2463.86,2554.33,353.1880707507724
1647400440000,1647404040000,1647490440000,2624.79,2761.3,506.0797016142244
1649203800000,1649207400000,1649293800000,3333.29,3170.94,-501.0563317323118
1649671440000,1649675040000,1649761440000,3068.99,3014.1,-192.85362936992277
1651763220000,1651766820000,1651853220000,2747.33,2709.01,-153.48087779771524
1651844220000,1651847820000,1651934220000,2657.89,2677.55,59.968448656642764
1651977780000,1651981380000,1652067780000,2533.26,2463.53,-289.25796799381055
1652063820000,1652067420000,1652153820000,2470.51,2312.62,-653.0988095575423
1652115900000,1652119500000,1652205900000,2299.46,2383.75,352.56432379776004
1652195040000,1652198640000,1652285040000,2367.01,2270.96,-419.7862028466297
1652252160000,1652255760000,1652342160000,2282.32,1933.5,-1542.3571103088088
1652297880000,1652301480000,1652387880000,2113.32,1942.65,-821.5918460053377
1652358240000,1652361840000,1652448240000,1958.03,2100.76,714.9469517831715
1652682420000,1652686020000,1652772420000,2011.62,2069.37,273.0820532704976
1652798700000,1652802300000,1652888700000,2056.51,1957.82,-493.8906885937837
1653058980000,1653062580000,1653148980000,1953.66,1978.27,111.96869465515859
1653334800000,1653338400000,1653424800000,1995.06,1961.04,-184.52118733271172
1653553440000,1653557040000,1653643440000,1828.4,1771.19,-326.89652154889546
1653615000000,1653618600000,1653705000000,1756.32,1738.59,-114.94971303634904
1653663780000,1653667380000,1653753780000,1764.33,1790.3,133.19468580140838
1654094220000,1654097820000,1654184220000,1884.87,1816.98,-374.18399146890755
1654561920000,1654565520000,1654651920000,1755.03,1820.59,359.5548680079548
1654642200000,1654645800000,1654732200000,1817.31,1794.15,-141.44110801129028
1654867380000,1654870980000,1654957380000,1731.46,1555.43,-1030.6564633315234
1654937040000,1654940640000,1655027040000,1605.77,1467.5,-875.0822222360615
1655000940000,1655004540000,1655090940000,1454.04,1339.5,-801.7362383428243
1655081460000,1655085060000,1655171460000,1360.81,1119.16,-1789.7806012595433
1655126340000,1655129940000,1655216340000,1210.27,1202.92,-74.73025027473089
1655169540000,1655173140000,1655259540000,1128.75,1209.55,701.8361018826121
1655226180000,1655229780000,1655316180000,1220.14,1098.71,-1009.2136640057707
1655279400000,1655283000000,1655369400000,1038.46,1173.62,1287.5426689521003
1655325240000,1655328840000,1655415240000,1187.16,1118.56,-591.8496580073466
1655371560000,1655375160000,1655461560000,1119.19,1095.61,-224.68808692000562
1655420160000,1655423760000,1655510160000,1066.69,1085.2,159.52745408694136
1655535120000,1655538720000,1655625120000,1006.15,957.49,-497.6257019331114
1655578920000,1655582520000,1655668920000,915.22,1099.37,1998.0845261248644
1655686140000,1655689740000,1655776140000,1072.5,1123.76,463.9487179487174
1655913540000,1655917140000,1656003540000,1076.07,1090.23,117.58995232652293
1656248760000,1656252360000,1656338760000,1228.4,1185.09,-366.5724519700435
1656339120000,1656342720000,1656429120000,1183.37,1199.7,123.99572407615645
1656571740000,1656575340000,1656661740000,1054.61,1069.4,126.24141625814445
1656647760000,1656651360000,1656737760000,1050.19,1045.22,-61.324769803559484
1657072140000,1657075740000,1657162140000,1117.5,1170.48,460.093959731543
1657271700000,1657275300000,1657361700000,1215.55,1220.13,23.678417177411383
1657715940000,1657719540000,1657805940000,1031.91,1075.74,410.74634415792025
1658081940000,1658085540000,1658171940000,1336.75,1473.27,1007.2829624088271
1658193120000,1658196720000,1658283120000,1516.96,1542.94,157.26357979116102
1658276100000,1658279700000,1658366100000,1527.65,1546.31,108.14839786600207
1658335440000,1658339040000,1658425440000,1559.98,1543.99,-116.50131411941199
1658519820000,1658523420000,1658609820000,1520.67,1524.37,10.331380246864764
1658706240000,1658709840000,1658796240000,1562.11,1427.23,-877.4475165001177
1658777400000,1658781000000,1658867400000,1518.36,1371.2,-983.2036144260907
1658841180000,1658844780000,1658931180000,1387.76,1488.96,715.2327203551041
1659112860000,1659116460000,1659202860000,1689.0,1718.93,163.2054470100648
1660544760000,1660548360000,1660634760000,1910.77,1876.15,-195.18350193900847
1660722180000,1660725780000,1660812180000,1889.59,1834.9,-303.4278653041127
1660891140000,1660894740000,1660981140000,1738.63,1646.41,-544.4176276723626
1660946220000,1660949820000,1661036220000,1624.35,1572.64,-332.3427217040646
1661022420000,1661026020000,1661112420000,1563.76,1620.78,350.63395917532006
1661120580000,1661124180000,1661210580000,1619.71,1590.92,-191.74786844558577
1661525880000,1661529480000,1661615880000,1595.17,1473.8,-774.8593441451384
1661870100000,1661873700000,1661960100000,1521.71,1549.12,166.12630527498575
1661958480000,1661962080000,1662048480000,1555.74,1536.54,-137.41393806163057
1662043740000,1662047340000,1662133740000,1537.63,1633.42,608.9717162126125
1662484320000,1662487920000,1662574320000,1587.58,1566.24,-148.4184230086043
1663072260000,1663075860000,1663162260000,1614.75,1600.05,-105.03576405016244
1663252500000,1663256100000,1663342500000,1499.04,1449.0,-347.8136407300674
1663535460000,1663539060000,1663625460000,1331.89,1380.01,347.29109761316556
1663789500000,1663793100000,1663879500000,1312.56,1327.93,103.0994087889321
1663941840000,1663945440000,1664031840000,1278.7,1343.09,489.5583013998579
1664295540000,1664299140000,1664385540000,1326.3,1331.52,25.35761140013483
1665657060000,1665660660000,1665747060000,1241.32,1330.21,702.0925466438961
1666729620000,1666733220000,1666819620000,1469.8,1553.64,556.417743910736
1666902420000,1666906020000,1666992420000,1521.02,1559.3,237.67321928705633
1667224800000,1667228400000,1667314800000,1556.07,1568.69,67.10174992127739
1667416800000,1667420400000,1667506800000,1514.94,1541.08,158.54808771304477
1667860080000,1667863680000,1667950080000,1567.92,1326.37,-1554.57604979846
1667928780000,1667932380000,1668018780000,1381.81,1160.86,-1612.9897308602485
1667985420000,1667989020000,1668075420000,1161.84,1185.54,189.98677959099442
1668028620000,1668032220000,1668118620000,1118.26,1314.5,1740.8691717489673
1668101700000,1668105300000,1668191700000,1258.97,1278.24,139.06162974495052
1668175560000,1668179160000,1668265560000,1259.21,1277.55,131.64687383359365
1668436080000,1668439680000,1668526080000,1241.15,1267.03,194.5162953712283
1668944100000,1668947700000,1669034100000,1169.09,1118.81,-444.0780949285343
1669600980000,1669604580000,1669690980000,1165.11,1181.15,123.66940460557598
1671046500000,1671050100000,1671136500000,1304.08,1274.48,-240.97993988098796
1671181260000,1671184860000,1671271260000,1210.66,1175.86,-301.44651677597545
1671233460000,1671237060000,1671323460000,1172.1,1182.67,76.18001876972991
1673660460000,1673664060000,1673750460000,1562.47,1524.27,-258.4846941061274
1674057300000,1674060900000,1674147300000,1521.43,1534.52,72.03747789908134
1674599280000,1674602880000,1674689280000,1553.66,1597.22,266.37022257121794
1674688020000,1674691620000,1674778020000,1611.01,1605.13,-50.49884234113942
1675971060000,1675974660000,1676061060000,1570.01,1530.7,-264.3805708243889
1677254640000,1677258240000,1677344640000,1591.34,1595.51,12.204330941219656
1677807060000,1677810660000,1677897060000,1565.03,1571.4,26.702095167506336
1678394640000,1678398240000,1678484640000,1437.19,1410.6,-199.01381167417063
1678459680000,1678463280000,1678549680000,1405.79,1430.3,160.35036527504
1678521900000,1678525500000,1678611900000,1432.0,1463.79,207.99720670391
1678822020000,1678825620000,1678912020000,1715.54,1643.04,-436.6074588759221
1679511960000,1679515560000,1679601960000,1718.72,1814.67,544.2642897039669
1679929500000,1679933100000,1680019500000,1717.0,1741.63,129.44787419918515
1681892580000,1681896180000,1681982580000,1978.53,1954.31,-136.4141155302172
1682537700000,1682541300000,1682627700000,1838.41,1917.66,417.0790302489642
1683739020000,1683742620000,1683829020000,1827.29,1779.62,-274.87813100274195
1685980860000,1685984460000,1686070860000,1812.0,1864.26,274.4105960264893
1686374460000,1686378060000,1686464460000,1758.09,1758.09,-14.0
1686773220000,1686776820000,1686863220000,1651.41,1675.33,130.84591954753822
1688132880000,1688136480000,1688222880000,1846.13,1923.76,406.5012648080042
1689361500000,1689365100000,1689451500000,1910.01,1931.29,97.41302925115504
1692308520000,1692312120000,1692398520000,1639.02,1662.85,131.39175848982788
1698162000000,1698165600000,1698252000000,1788.46,1789.9,-5.9483801706499015
1699546380000,1699549980000,1699636380000,2020.5,2099.43,376.64587973273836
1699987920000,1699991520000,1700077920000,1974.75,2038.13,306.95201924294156
1702260780000,1702264380000,1702350780000,2236.53,2237.89,-7.919151542793866
1704283320000,1704286920000,1704373320000,2234.57,2235.88,-8.137574566919202
1704989340000,1704992940000,1705079340000,2611.02,2619.47,18.362831383903057
1705080300000,1705083900000,1705170300000,2601.35,2562.36,-163.8837142253051
1706002200000,1706005800000,1706092200000,2237.73,2244.05,14.24290687437836
1709141520000,1709145120000,1709231520000,3289.38,3390.65,293.86956812530076
1709655360000,1709658960000,1709745360000,3645.68,3813.96,447.5874130477726
1709730540000,1709734140000,1709820540000,3860.0,3819.49,-118.94818652849847
1709913900000,1709917500000,1710003900000,3906.71,3893.24,-48.47913973650518
1710118380000,1710121980000,1710208380000,3815.24,4062.56,634.2423124102299
1710470520000,1710474120000,1710560520000,3739.95,3733.14,-32.20879958288168
1710532920000,1710536520000,1710622920000,3638.59,3627.28,-45.0834691460149
1710660180000,1710663780000,1710750180000,3483.52,3596.56,310.49935697225874
1710810960000,1710814560000,1710900960000,3420.52,3207.1,-637.9402196157306
1710889440000,1710893040000,1710979440000,3171.8,3508.78,1048.4251213821801
1710950460000,1710954060000,1711040460000,3241.22,3528.72,873.0116807868644
1711117620000,1711121220000,1711207620000,3348.18,3390.54,112.51649552891442
1711548660000,1711552260000,1711638660000,3547.23,3592.68,114.12814505966497
1712025480000,1712029080000,1712115480000,3372.65,3311.26,-196.02303826368004
1712673780000,1712677380000,1712763780000,3520.56,3479.22,-131.42450064762488
1712942940000,1712946540000,1713032940000,3300.45,3221.12,-254.36116287172948
1713038040000,1713041640000,1713128040000,2915.58,3061.43,486.2435192997612
1713115560000,1713119160000,1713205560000,3072.33,3072.39,-13.804708478581272
1713490620000,1713494220000,1713580620000,2886.09,3050.05,554.1042517731605
1714467480000,1714471080000,1714557480000,3046.38,2877.35,-568.8552708460542
1714547340000,1714550940000,1714637340000,2859.29,2929.31,230.88596819490115
1715352780000,1715356380000,1715442780000,2910.7,2927.48,43.64936269625931
1716470340000,1716473940000,1716560340000,3806.05,3692.38,-312.6560870193511
1717783500000,1717787100000,1717873500000,3666.62,3693.5,59.31002394576069
1718675040000,1718678640000,1718765040000,3422.75,3532.51,306.67781754437254
1719221820000,1719225420000,1719311820000,3317.27,3368.35,139.98203944809953
1720058460000,1720062060000,1720148460000,3228.35,2940.24,-906.4373131785591
1720148280000,1720151880000,1720238280000,2919.47,2979.31,190.96871007408936
1720401060000,1720404660000,1720491060000,2855.06,3021.88,570.2959517488256
1720449120000,1720452720000,1720539120000,3001.28,3042.63,123.77454952553558
1721869800000,1721873400000,1721959800000,3205.49,3193.2,-52.34047212750602
1722610380000,1722613980000,1722700380000,3037.43,2954.84,-285.90750074898796
1722791460000,1722795060000,1722881460000,2705.1,2460.48,-918.2918930908284
1722834780000,1722838380000,1722924780000,2291.13,2504.67,918.0291733773289
1722883380000,1722886980000,1722973380000,2390.76,2504.58,462.0829192390692
1722934080000,1722937680000,1723024080000,2456.2,2524.41,263.70539858317676
1723041180000,1723044780000,1723131180000,2392.49,2488.11,385.6672922352884
1723645320000,1723648920000,1723735320000,2648.11,2667.72,60.05281502656402
1723744980000,1723748580000,1723834980000,2551.47,2616.8,242.0484740169411
1724795280000,1724798880000,1724885280000,2440.5,2524.07,328.4298299528794
1725030180000,1725033780000,1725120180000,2449.62,2515.85,256.36846531298676
1725231600000,1725235200000,1725321600000,2424.55,2536.76,448.80753129446686
1725411720000,1725415320000,1725501720000,2359.64,2458.88,406.5726297231793
1725636000000,1725639600000,1725726000000,2272.61,2297.09,93.7175582260037
1727795100000,1727798700000,1727885100000,2526.36,2471.1,-232.73367216073802
1729004160000,1729007760000,1729094160000,2573.17,2606.81,116.73368646455475
1729898040000,1729901640000,1729988040000,2434.09,2478.79,169.6415251695689
1731370800000,1731374400000,1731460800000,3323.92,3266.31,-187.3194541384875
1731526080000,1731529680000,1731616080000,3177.11,3125.3,-177.07272961905593
1731597900000,1731601500000,1731687900000,3115.99,3049.0,-228.98785297770496
1731809280000,1731812880000,1731899280000,3071.79,3104.87,93.68965326405811
1732203180000,1732206780000,1732293180000,3322.52,3299.48,-83.34495503413073
1732547520000,1732551120000,1732637520000,3526.8,3306.78,-637.8516502211633
1733437740000,1733441340000,1733527740000,3808.19,4009.18,513.7835402120168
1733759340000,1733762940000,1733849340000,3861.45,3571.18,-765.7124396276009
1733844600000,1733848200000,1733934600000,3577.01,3801.27,612.9482053446862
1734552000000,1734555600000,1734642000000,3694.02,3381.07,-861.1800369245419
1734621900000,1734625500000,1734711900000,3613.65,3401.41,-601.3286012757195
1734684000000,1734687600000,1734774000000,3298.1,3475.09,522.6423092083328
1736262960000,1736266560000,1736352960000,3464.22,3332.62,-393.8834946972185
1736357040000,1736360640000,1736447040000,3314.19,3258.6,-181.73329229766597
1736778840000,1736782440000,1736868840000,3059.68,3200.98,447.81300005229355
1737278040000,1737281640000,1737368040000,3199.88,3372.53,525.5514831806203
1737322080000,1737325680000,1737412080000,3281.8,3299.19,38.9892132366383
1737394800000,1737398400000,1737484800000,3312.49,3356.73,119.55512016640202
1738536060000,1738539660000,1738626060000,2849.31,2864.09,37.87220765729306
1738645920000,1738649520000,1738735920000,2719.23,2767.43,163.25606145857498
1738699920000,1738703520000,1738789920000,2706.47,2762.49,192.9854829353357
1739137500000,1739141100000,1739227500000,2645.0,2659.93,42.446124763704915
1739370360000,1739373960000,1739460360000,2609.23,2652.61,152.25594524054986
1739808060000,1739811660000,1739898060000,2725.92,2635.22,-346.73170159065614
1740152640000,1740156240000,1740242640000,2742.39,2773.82,100.60806085203058
1740435840000,1740439440000,1740525840000,2530.48,2511.0,-90.98144225601445
1740594600000,1740598200000,1740684600000,2278.39,2302.4,91.3814316249646
1740706260000,1740709860000,1740796260000,2196.51,2258.34,267.4920032232937
1740984720000,1740988320000,1741074720000,2382.72,2080.78,-1281.2072253558943
1741027920000,1741031520000,1741117920000,2173.98,2173.61,-15.701947580013963
1741102620000,1741106220000,1741192620000,2019.23,2169.98,732.5717129797
1741306860000,1741310460000,1741396860000,2168.5,2135.87,-164.47267696564504
1741540920000,1741544520000,1741630920000,2012.01,1913.12,-505.4985512000447
1741615440000,1741619040000,1741705440000,2020.27,1870.98,-752.9606339746668
1741703280000,1741706880000,1741793280000,1903.3,1850.1,-293.5145273997801
1741773900000,1741777500000,1741863900000,1908.24,1898.44,-65.35622353582336
1743137100000,1743140700000,1743227100000,1915.41,1887.6,-159.19084686829498
1743628500000,1743632100000,1743718500000,1836.21,1808.45,-165.180965140153
1743960480000,1743964080000,1744050480000,1642.8,1554.66,-550.5230094959817
1744007220000,1744010820000,1744097220000,1458.89,1570.98,754.3238626627098
1744124760000,1744128360000,1744214760000,1530.45,1488.1,-290.7159985625156
1744299120000,1744302720000,1744389120000,1498.0,1563.57,423.7169559412541
1744573320000,1744576920000,1744663320000,1591.99,1628.45,215.02153908001875
1744645800000,1744649400000,1744735800000,1631.67,1625.07,-54.44935556822282
1744826280000,1744829880000,1744916280000,1567.39,1603.27,214.91558578273407
1746782880000,1746786480000,1746872880000,2333.37,2405.95,297.052254893136
1747062300000,1747065900000,1747152300000,2477.78,2560.41,319.48400584394034
1747591140000,1747594740000,1747681140000,2461.32,2487.11,90.78117432922262
1747848360000,1747851960000,1747938360000,2475.53,2662.44,741.0302359494721
1748000940000,1748004540000,1748090940000,2543.12,2555.37,34.16917801755416
1749155640000,1749159240000,1749245640000,2432.07,2491.63,230.8942670235632
1749773520000,1749777120000,1749863520000,2469.39,2551.76,319.5641595697747
1750113900000,1750117500000,1750203900000,2568.03,2516.67,-213.9976635786971
1750440420000,1750444020000,1750530420000,2420.08,2400.47,-95.03037916102008
1750541100000,1750544700000,1750631100000,2299.83,2203.81,-431.50912023932216
1750598880000,1750602480000,1750688880000,2165.02,2285.4,542.0225771586413
1750695780000,1750699380000,1750785780000,2255.83,2460.0,891.0770669775643
1753902600000,1753906200000,1753992600000,3779.59,3718.5,-175.6312880497628
1755176220000,1755179820000,1755266220000,4602.58,4545.32,-138.40848393727055
1755613860000,1755617460000,1755703860000,4221.13,4288.98,146.73894904918617
1756064280000,1756067880000,1756154280000,4795.3,4381.83,-876.2401101078148
1756151880000,1756155480000,1756241880000,4378.25,4581.05,449.19876663050377
1757082300000,1757085900000,1757172300000,4299.39,4277.53,-64.84442211569673
1758520980000,1758524580000,1758610980000,4191.58,4200.07,6.254891950051146
1759849800000,1759853400000,1759939800000,4494.4,4446.6,-120.35457458169961
1760109720000,1760113320000,1760199720000,4107.93,3834.0,-680.8322001592053
1760630220000,1760633820000,1760720220000,3937.76,3781.61,-410.54524399658663
1760684940000,1760688540000,1760774940000,3751.0,3899.04,380.6680885097309
1761763200000,1761766800000,1761853200000,3901.47,3704.56,-518.7072001066266
1762183860000,1762187460000,1762273860000,3612.83,3482.54,-374.6314163688851
1762234320000,1762237920000,1762324320000,3520.56,3323.21,-574.5642284182055
1762281120000,1762284720000,1762371120000,3285.21,3458.83,514.4898073486933
1762963860000,1762967460000,1763053860000,3404.06,3299.31,-321.72078047977993
1763058900000,1763062500000,1763148900000,3207.81,3198.14,-44.1451769275618
1763310540000,1763314140000,1763400540000,3067.5,3098.95,88.52648736756242
1763568060000,1763571660000,1763658060000,2955.57,2857.83,-344.6976319288668
1763655780000,1763659380000,1763745780000,2823.98,2787.36,-143.67513934234677
1763710440000,1763714040000,1763800440000,2738.17,2720.68,-77.87477767998418
1764547860000,1764551460000,1764637860000,2847.84,2810.18,-146.24057531322052
1764603720000,1764607320000,1764693720000,2748.44,2996.33,887.9298220081207
1764952380000,1764955980000,1765042380000,3026.4,3054.8,79.84086703674299
1765117860000,1765121460000,1765207860000,2961.07,3104.52,470.4532550733338
1765553700000,1765557300000,1765643700000,3063.97,3104.51,118.31200044387049
1765810860000,1765814460000,1765900860000,3002.25,2957.74,-162.25547506037262
1765987200000,1765990800000,1766077200000,2862.67,2942.57,265.11006158586326
1766077800000,1766081400000,1766167800000,2839.0,2946.67,365.2532581895025
1768780920000,1768784520000,1768870920000,3212.31,3180.01,-114.55069404882988
1769013900000,1769017500000,1769103900000,2896.47,2944.49,151.78801092364205
1769699220000,1769702820000,1769789220000,2811.86,2727.94,-312.45013620877324
1769797380000,1769800980000,1769887380000,2753.86,2402.75,-1288.9740364433926
1769869620000,1769873220000,1769959620000,2543.3,2311.64,-924.8638383202938
1769987400000,1769991000000,1770077400000,2283.1,2329.56,189.49524768954464
1770142860000,1770146460000,1770232860000,2191.14,2153.34,-186.51293847038386
1770219420000,1770223020000,1770309420000,2112.0,1984.21,-619.0662878787882
1770290640000,1770294240000,1770380640000,2054.86,1922.01,-660.5160643547496
1770336180000,1770339780000,1770426180000,1871.48,2041.71,895.6009575309383
1770448500000,1770452100000,1770538500000,2022.88,2079.9,267.87534604128706
1770822540000,1770826140000,1770912540000,1934.93,1927.76,-51.055604078700675
1770913380000,1770916980000,1771003380000,1916.46,2058.8,728.7235632363848
1771808880000,1771812480000,1771898880000,1859.77,1842.59,-106.37701436199175
1772260680000,1772264280000,1772350680000,1863.72,2004.8,742.9806623312503
1772807760000,1772811360000,1772897760000,1991.8,1984.63,-49.99759011948866
1774137420000,1774141020000,1774227420000,2084.79,2042.57,-216.51440193017055
1774824600000,1774828200000,1774914600000,1981.36,2023.89,200.65054306133214
1775958600000,1775962200000,1776048600000,2224.21,2193.78,-150.81262111041593
1779061320000,1779064920000,1779151320000,2111.27,2135.57,101.0966006242693
1780442760000,1780446360000,1780532760000,1865.76,1802.09,-355.25503816139326
1780538580000,1780542180000,1780628580000,1776.59,1724.71,-306.0201059332761
1780639080000,1780642680000,1780729080000,1657.99,1556.81,-624.25699793123
1780686060000,1780689660000,1780776060000,1576.16,1554.57,-150.9784793422002
1780742280000,1780745880000,1780832280000,1558.55,1630.32,446.49212408969976
1781798220000,1781801820000,1781888220000,1686.48,1696.37,44.64285375456468
1782203280000,1782206880000,1782293280000,1652.8,1667.36,74.09293320426015
1782321600000,1782325200000,1782411600000,1572.87,1573.62,-9.231646607793952
1782395160000,1782398760000,1782485160000,1564.74,1556.92,-63.97635389904942
1782442980000,1782446580000,1782532980000,1553.0,1581.31,168.29233741146044
